% H2O input
mol(1).atom = 'O';
mol(1).xyz = [ 0.00000 -0.07579 0.00000];
mol(2).atom = 'H';
mol(2).xyz = [ 0.86681  0.60144 0.00000];
mol(3).atom = 'H';
mol(3).xyz = [-0.86681  0.60144 0.00000];